Int:
x:
[-5.3 -4.3 -3.3 -2.3 -1.3 -0.3  0.7  1.7  2.7  3.7  4.7]
y:
[0.035586017532897744, 0.018431307949521192, 0.009470538039314861, 0.006125719371200611, 0.004908579157430042, -0.002836472496128449, -0.0006963035621500522, 0.0009532899678599745, -0.0004045393494760657, 0.00011033517688382007, -2.2623531398049946e-05]
Cheb:
x:
[4.649107209404663, 4.248159976772592, 3.4787478717712914, 2.4032040872779885, 1.108662784207149, -0.2999999999999984, -1.7086627842071482, -3.003204087277986, -4.078747871771291, -4.848159976772591, -5.249107209404663]
y:
[0.007929762965125289, -0.00855625888676866, 0.005014907212819489, -0.002567607805399241, 0.0020823868829243477, -0.00022539177128791, -0.0008218729724849621, -0.00038410634637789934, -0.00010989126129072859, -2.459359655731805e-05, -4.867662770044368e-06]
